GSAT0101 (GALILEO-PFM)
1 37846U 11060A   19201.94591227 -.00000062  00000-0  00000+0 0  9996
2 37846  56.4029  50.4500 0003083  15.2614 344.8144  1.70475893 48232
GSAT0102 (GALILEO-FM2)
1 37847U 11060B   19202.16575826 -.00000061  00000-0  00000+0 0  9998
2 37847  56.4031  50.4432 0003382 337.8113 203.2143  1.70475893 48236
GSAT0103 (GALILEO-FM3)
1 38857U 12055A   19200.81462885  .00000033  00000-0  00000+0 0  9993
2 38857  54.9382 170.9710 0004944 269.5560  90.3397  1.70473937 42124
GSAT0104 (GALILEO-FM4)
1 38858U 12055B   19200.16231857  .00000029  00000-0  00000-0 0  9991
2 38858  54.9393 170.9881 0003891 276.2635  83.6426  1.70473906 42117
GSAT0201 (GALILEO 5)
1 40128U 14050A   19202.37357309 -.00000104  00000-0  00000+0 0  9991
2 40128  50.5736  14.6278 1666598  88.6800 290.3300  1.85518821 33453
GSAT0202 (GALILEO 6)
1 40129U 14050B   19201.56052454 -.00000107  00000-0  00000+0 0  9998
2 40129  50.6166  13.6847 1665620  89.5086 289.5294  1.85519593 33633
GSAT0203 (GALILEO 7)
1 40544U 15017A   19201.13920974 -.00000065  00000-0  00000+0 0  9990
2 40544  56.1945  50.6531 0001641 242.5024 117.5488  1.70474981 26834
GSAT0204 (GALILEO 8)
1 40545U 15017B   19201.50766351 -.00000064  00000-0  00000-0 0  9999
2 40545  56.2012  50.6571 0001678 140.8714 219.2080  1.70475419 26847
GSAT0205 (GALILEO 9)
1 40889U 15045A   19201.75097861 -.00000032  00000-0  00000+0 0  9995
2 40889  56.4173 291.2505 0001505  10.8297 349.2370  1.70475585 23992
GSAT0206 (GALILEO 10)
1 40890U 15045B   19201.97064951 -.00000031  00000-0  00000-0 0  9995
2 40890  56.4162 291.2412 0000372 254.0149 106.0445  1.70475621 24026
GSAT0208 (GALILEO 11)
1 41175U 15079B   19201.18852134  .00000035  00000-0  00000+0 0  9992
2 41175  54.9498 170.6556 0005435 301.3868  58.5135  1.70473420 22330
GSAT0209 (GALILEO 12)
1 41174U 15079A   19201.55529943  .00000037  00000-0  00000-0 0  9994
2 41174  54.9525 170.6455 0006270 301.7584  58.1355  1.70473337 21926
GSAT0210 (GALILEO 13)
1 41550U 16030B   19202.77727307 -.00000029  00000-0  00000+0 0  9990
2 41550  56.5565 291.0433 0003357 235.2764 124.7556  1.70475402 19648
GSAT0211 (GALILEO 14)
1 41549U 16030A   19201.89763258 -.00000031  00000-0  00000-0 0  9999
2 41549  56.5573 291.0654 0002496 268.7881  91.2472  1.70475327 19656
GSAT0207 (GALILEO 15)
1 41859U 16069A   19202.43503706  .00000042  00000-0  00000+0 0  9996
2 41859  54.6102 171.0673 0006046 292.6727  67.2226  1.70473246 16627
GSAT0212 (GALILEO 16)
1 41860U 16069B   19199.35553793  .00000025  00000-0  00000+0 0  9996
2 41860  54.6077 171.1522 0005092 306.3578  53.5442  1.70473265 16596
GSAT0213 (GALILEO 17)
1 41861U 16069C   19203.24113637  .00000047  00000-0  00000+0 0  9994
2 41861  54.6106 171.0478 0005113 276.2983  83.6068  1.70473405 16660
GSAT0214 (GALILEO 18)
1 41862U 16069D   19201.62826914  .00000037  00000-0  00000+0 0  9993
2 41862  54.6086 171.0883 0004425 281.0740  78.8317  1.70473330 16624
GSAT0215 (GALILEO 19)
1 43055U 17079A   19202.70342234 -.00000029  00000-0  00000+0 0  9991
2 43055  56.5310 290.8926 0003034 223.5535 136.4864  1.70474506  9982
GSAT0216 (GALILEO 20)
1 43056U 17079B   19202.40983425 -.00000030  00000-0  00000+0 0  9994
2 43056  56.5320 290.9001 0004583 241.9198 118.0979  1.70474578  9968
GSAT0217 (GALILEO 21)
1 43057U 17079C   19201.45665819 -.00000031  00000-0  00000+0 0  9994
2 43057  56.5309 290.9273 0003748 249.3179 110.7057  1.70474625  9969
GSAT0218 (GALILEO 22)
1 43058U 17079D   19202.26320599 -.00000030  00000-0  00000-0 0  9998
2 43058  56.5303 290.9026 0005110 241.0549 118.9580  1.70474583 10006
GSAT0219 (GALILEO 23)
1 43566U 18060C   19202.60538116 -.00000060  00000-0  00000+0 0  9999
2 43566  56.5891  50.1527 0001946 287.4806  72.5634  1.70475822  6183
GSAT0220 (GALILEO 24)
1 43567U 18060D   19201.06549278 -.00000064  00000-0  00000-0 0  9995
2 43567  56.5876  50.1957 0002014 289.8904  70.1557  1.70475942  6143
GSAT0221 (GALILEO 25)
1 43564U 18060A   19200.99232641 -.00000064  00000-0  00000-0 0  9996
2 43564  56.5852  50.1966 0002495 279.7207  80.3191  1.70475929  6132
GSAT0222 (GALILEO 26)
1 43565U 18060B   19201.21222685 -.00000064  00000-0  00000+0 0  9999
2 43565  56.5879  50.1894 0002402 295.4696  64.5731  1.70475952  6182
